"play_id","half","time_remaining_half","secs_remaining","secs_remaining_absolute","description","home_score","away_score","score_diff","win_prob","home","away","home_time_out_remaining","away_time_out_remaining","home_timeout_ind","away_timeout_ind","home_favored_by","game_id","date"
1,1,"20:00",2400,2400,"PLAY",0,0,0,0.464446905402319,"Stony Brook","Hofstra",4,4,0,0,-0.8,400991453,2017-12-12
2,1,"19:46",2386,2386,"Foul on Rokas Gustys.",0,0,0,0.467131247968058,"Stony Brook","Hofstra",4,4,0,0,-0.8,400991453,2017-12-12
3,1,"19:46",2386,2386,"Rokas Gustys Turnover.",0,0,0,0.467131247968058,"Stony Brook","Hofstra",4,4,0,0,-0.8,400991453,2017-12-12
4,1,"19:29",2369,2369,"Tyrell Sturdivant made Layup. Assisted by Bryan Sekunda.",2,0,2,0.48434369720521,"Stony Brook","Hofstra",4,4,0,0,-0.8,400991453,2017-12-12
5,1,"19:09",2349,2349,"Kenny Wormley missed Jumper.",2,0,2,0.514623341626991,"Stony Brook","Hofstra",4,4,0,0,-0.8,400991453,2017-12-12
6,1,"19:09",2349,2349,"Bryan Sekunda Defensive Rebound.",2,0,2,0.514623341626991,"Stony Brook","Hofstra",4,4,0,0,-0.8,400991453,2017-12-12
7,1,"19:02",2342,2342,"Tyrell Sturdivant missed Layup.",2,0,2,0.514623341626991,"Stony Brook","Hofstra",4,4,0,0,-0.8,400991453,2017-12-12
8,1,"19:02",2342,2342,"Junior Saintel Offensive Rebound.",2,0,2,0.514623341626991,"Stony Brook","Hofstra",4,4,0,0,-0.8,400991453,2017-12-12
9,1,"19:01",2341,2341,"Junior Saintel made Layup.",4,0,4,0.559240275208457,"Stony Brook","Hofstra",4,4,0,0,-0.8,400991453,2017-12-12
10,1,"19:01",2341,2341,"Foul on Justin Wright-Foreman.",4,0,4,0.559240275208457,"Stony Brook","Hofstra",4,4,0,0,-0.8,400991453,2017-12-12
11,1,"19:01",2341,2341,"Junior Saintel missed Free Throw.",4,0,4,0.559240275208457,"Stony Brook","Hofstra",4,4,0,0,-0.8,400991453,2017-12-12
12,1,"19:01",2341,2341,"Rokas Gustys Defensive Rebound.",4,0,4,0.559240275208457,"Stony Brook","Hofstra",4,4,0,0,-0.8,400991453,2017-12-12
13,1,"18:53",2333,2333,"Eli Pemberton missed Layup.",4,0,4,0.567677565504232,"Stony Brook","Hofstra",4,4,0,0,-0.8,400991453,2017-12-12
14,1,"18:53",2333,2333,"Tyrell Sturdivant Block.",4,0,4,0.567677565504232,"Stony Brook","Hofstra",4,4,0,0,-0.8,400991453,2017-12-12
15,1,"18:52",2332,2332,"Hofstra Offensive Rebound.",4,0,4,0.567677565504232,"Stony Brook","Hofstra",4,4,0,0,-0.8,400991453,2017-12-12
16,1,"18:47",2327,2327,"Justin Wright-Foreman missed Three Point Jumper.",4,0,4,0.596241770168969,"Stony Brook","Hofstra",4,4,0,0,-0.8,400991453,2017-12-12
17,1,"18:47",2327,2327,"Elijah Olaniyi Defensive Rebound.",4,0,4,0.596241770168969,"Stony Brook","Hofstra",4,4,0,0,-0.8,400991453,2017-12-12
18,1,"18:38",2318,2318,"Jaron Cornish made Layup.",6,0,6,0.611160998726514,"Stony Brook","Hofstra",4,4,0,0,-0.8,400991453,2017-12-12
19,1,"18:19",2299,2299,"Joel Angus III missed Jumper.",6,0,6,0.622525474092638,"Stony Brook","Hofstra",4,4,0,0,-0.8,400991453,2017-12-12
20,1,"18:19",2299,2299,"Eli Pemberton Offensive Rebound.",6,0,6,0.622525474092638,"Stony Brook","Hofstra",4,4,0,0,-0.8,400991453,2017-12-12
21,1,"18:08",2288,2288,"Eli Pemberton made Three Point Jumper.",6,3,3,0.545723337844272,"Stony Brook","Hofstra",4,4,0,0,-0.8,400991453,2017-12-12
22,1,"17:51",2271,2271,"Elijah Olaniyi missed Three Point Jumper.",6,3,3,0.556283906849804,"Stony Brook","Hofstra",4,4,0,0,-0.8,400991453,2017-12-12
23,1,"17:51",2271,2271,"Tyrell Sturdivant Offensive Rebound.",6,3,3,0.556283906849804,"Stony Brook","Hofstra",4,4,0,0,-0.8,400991453,2017-12-12
24,1,"17:36",2256,2256,"Tyrell Sturdivant missed Three Point Jumper.",6,3,3,0.553110930456937,"Stony Brook","Hofstra",4,4,0,0,-0.8,400991453,2017-12-12
25,1,"17:36",2256,2256,"Justin Wright-Foreman Defensive Rebound.",6,3,3,0.553110930456937,"Stony Brook","Hofstra",4,4,0,0,-0.8,400991453,2017-12-12
26,1,"17:21",2241,2241,"Joel Angus III made Dunk. Assisted by Rokas Gustys.",6,5,1,0.5136830792431,"Stony Brook","Hofstra",4,4,0,0,-0.8,400991453,2017-12-12
27,1,"16:57",2217,2217,"Akwasi Yeboah made Layup.",8,5,3,0.585121411751769,"Stony Brook","Hofstra",4,4,0,0,-0.8,400991453,2017-12-12
28,1,"16:45",2205,2205,"Eli Pemberton missed Jumper.",8,5,3,0.563276380214963,"Stony Brook","Hofstra",4,4,0,0,-0.8,400991453,2017-12-12
29,1,"16:45",2205,2205,"Elijah Olaniyi Defensive Rebound.",8,5,3,0.563276380214963,"Stony Brook","Hofstra",4,4,0,0,-0.8,400991453,2017-12-12
30,1,"16:37",2197,2197,"Elijah Olaniyi made Layup.",10,5,5,0.629533791807195,"Stony Brook","Hofstra",4,4,0,0,-0.8,400991453,2017-12-12
31,1,"16:18",2178,2178,"Rokas Gustys missed Layup.",10,5,5,0.603452574593462,"Stony Brook","Hofstra",4,4,0,0,-0.8,400991453,2017-12-12
32,1,"16:18",2178,2178,"Akwasi Yeboah Defensive Rebound.",10,5,5,0.603452574593462,"Stony Brook","Hofstra",4,4,0,0,-0.8,400991453,2017-12-12
33,1,"16:07",2167,2167,"Jaron Cornish made Layup.",12,5,7,0.662320500688751,"Stony Brook","Hofstra",4,4,0,0,-0.8,400991453,2017-12-12
34,1,"16:03",2163,2163,"Hofstra  Timeout",12,5,7,0.662320500688751,"Stony Brook","Hofstra",3,4,1,0,-0.8,400991453,2017-12-12
35,1,"15:54",2154,2154,"Rokas Gustys missed Layup.",12,5,7,0.665634510398598,"Stony Brook","Hofstra",3,4,1,0,-0.8,400991453,2017-12-12
36,1,"15:54",2154,2154,"Jaron Cornish Defensive Rebound.",12,5,7,0.665634510398598,"Stony Brook","Hofstra",3,4,1,0,-0.8,400991453,2017-12-12
37,1,"15:43",2143,2143,"Akwasi Yeboah missed Three Point Jumper.",12,5,7,0.654283645220924,"Stony Brook","Hofstra",3,4,1,0,-0.8,400991453,2017-12-12
38,1,"15:43",2143,2143,"Hofstra Defensive Rebound.",12,5,7,0.654283645220924,"Stony Brook","Hofstra",3,4,1,0,-0.8,400991453,2017-12-12
39,1,"15:23",2123,2123,"Stafford Trueheart Turnover.",12,5,7,0.661741836854479,"Stony Brook","Hofstra",3,4,1,0,-0.8,400991453,2017-12-12
40,1,"15:22",2122,2122,"Akwasi Yeboah Steal.",12,5,7,0.661741836854479,"Stony Brook","Hofstra",3,4,1,0,-0.8,400991453,2017-12-12
41,1,"15:17",2117,2117,"Foul on Stafford Trueheart.",12,5,7,0.663655675661319,"Stony Brook","Hofstra",3,4,1,0,-0.8,400991453,2017-12-12
42,1,"15:08",2108,2108,"Elijah Olaniyi made Jumper.",14,5,9,0.709089451917629,"Stony Brook","Hofstra",3,4,1,0,-0.8,400991453,2017-12-12
43,1,"14:53",2093,2093,"Justin Wright-Foreman made Jumper.",14,7,7,0.68170197486326,"Stony Brook","Hofstra",3,4,0,0,-0.8,400991453,2017-12-12
44,1,"14:36",2076,2076,"Akwasi Yeboah Turnover.",14,7,7,0.647059083913941,"Stony Brook","Hofstra",3,4,0,0,-0.8,400991453,2017-12-12
45,1,"14:25",2065,2065,"Justin Wright-Foreman missed Jumper.",14,7,7,0.667795157892917,"Stony Brook","Hofstra",3,4,0,0,-0.8,400991453,2017-12-12
46,1,"14:25",2065,2065,"Eli Pemberton Offensive Rebound.",14,7,7,0.667795157892917,"Stony Brook","Hofstra",3,4,0,0,-0.8,400991453,2017-12-12
47,1,"14:13",2053,2053,"Eli Pemberton made Layup.",14,9,5,0.603147878790218,"Stony Brook","Hofstra",3,4,0,0,-0.8,400991453,2017-12-12
48,1,"13:41",2021,2021,"Akwasi Yeboah missed Jumper.",14,9,5,0.626683480035086,"Stony Brook","Hofstra",3,4,0,0,-0.8,400991453,2017-12-12
49,1,"13:41",2021,2021,"Rokas Gustys Defensive Rebound.",14,9,5,0.626683480035086,"Stony Brook","Hofstra",3,4,0,0,-0.8,400991453,2017-12-12
50,1,"13:31",2011,2011,"Foul on Akwasi Yeboah.",14,9,5,0.621528053160904,"Stony Brook","Hofstra",3,4,0,0,-0.8,400991453,2017-12-12
51,1,"13:26",2006,2006,"Foul on UC Iroegbu.",14,9,5,0.605168143995012,"Stony Brook","Hofstra",3,4,0,0,-0.8,400991453,2017-12-12
52,1,"13:26",2006,2006,"Justin Wright-Foreman missed Free Throw.",14,9,5,0.605168143995012,"Stony Brook","Hofstra",3,4,0,0,-0.8,400991453,2017-12-12
53,1,"13:26",2006,2006,"Hofstra Deadball Team Rebound.",14,9,5,0.605168143995012,"Stony Brook","Hofstra",3,4,0,0,-0.8,400991453,2017-12-12
54,1,"13:26",2006,2006,"Justin Wright-Foreman made Free Throw.",14,10,4,0.578518674327105,"Stony Brook","Hofstra",3,4,0,0,-0.8,400991453,2017-12-12
55,1,"13:09",1989,1989,"Elijah Olaniyi Turnover.",14,10,4,0.589254699670592,"Stony Brook","Hofstra",3,4,0,0,-0.8,400991453,2017-12-12
56,1,"13:06",1986,1986,"Rokas Gustys Steal.",14,10,4,0.589254699670592,"Stony Brook","Hofstra",3,4,0,0,-0.8,400991453,2017-12-12
57,1,"12:58",1978,1978,"Justin Wright-Foreman made Jumper. Assisted by Rokas Gustys.",14,12,2,0.53549827996484,"Stony Brook","Hofstra",3,4,0,0,-0.8,400991453,2017-12-12
58,1,"12:30",1950,1950,"Jordan McKenzie missed Three Point Jumper.",14,12,2,0.547641925836634,"Stony Brook","Hofstra",3,4,0,0,-0.8,400991453,2017-12-12
59,1,"12:30",1950,1950,"Joel Angus III Defensive Rebound.",14,12,2,0.547641925836634,"Stony Brook","Hofstra",3,4,0,0,-0.8,400991453,2017-12-12
60,1,"12:19",1939,1939,"Justin Wright-Foreman Turnover.",14,12,2,0.529159530668464,"Stony Brook","Hofstra",3,4,0,0,-0.8,400991453,2017-12-12
61,1,"12:17",1937,1937,"Jakub Petras Steal.",14,12,2,0.529159530668464,"Stony Brook","Hofstra",3,4,0,0,-0.8,400991453,2017-12-12
62,1,"12:09",1929,1929,"Foul on Eli Pemberton.",14,12,2,0.520243198111943,"Stony Brook","Hofstra",3,4,0,0,-0.8,400991453,2017-12-12
63,1,"12:09",1929,1929,"UC Iroegbu missed Free Throw.",14,12,2,0.520243198111943,"Stony Brook","Hofstra",3,4,0,0,-0.8,400991453,2017-12-12
64,1,"12:09",1929,1929,"Stony Brook Deadball Team Rebound.",14,12,2,0.520243198111943,"Stony Brook","Hofstra",3,4,0,0,-0.8,400991453,2017-12-12
65,1,"12:09",1929,1929,"UC Iroegbu made Free Throw.",15,12,3,0.551554218926844,"Stony Brook","Hofstra",3,4,0,0,-0.8,400991453,2017-12-12
66,1,"12:03",1923,1923,"Foul on Anthony Ochefu.",15,12,3,0.551554218926844,"Stony Brook","Hofstra",3,4,0,0,-0.8,400991453,2017-12-12
67,1,"11:57",1917,1917,"Justin Wright-Foreman missed Three Point Jumper.",15,12,3,0.58900050373251,"Stony Brook","Hofstra",3,4,0,0,-0.8,400991453,2017-12-12
68,1,"11:57",1917,1917,"Jordan McKenzie Defensive Rebound.",15,12,3,0.58900050373251,"Stony Brook","Hofstra",3,4,0,0,-0.8,400991453,2017-12-12
69,1,"11:51",1911,1911,"Junior Saintel missed Layup.",15,12,3,0.58900050373251,"Stony Brook","Hofstra",3,4,0,0,-0.8,400991453,2017-12-12
70,1,"11:51",1911,1911,"Hunter Sabety Defensive Rebound.",15,12,3,0.58900050373251,"Stony Brook","Hofstra",3,4,0,0,-0.8,400991453,2017-12-12
71,1,"11:42",1902,1902,"Desure Buie made Layup.",15,14,1,0.498034916500703,"Stony Brook","Hofstra",3,4,0,0,-0.8,400991453,2017-12-12
72,1,"11:19",1879,1879,"Bryan Sekunda made Three Point Jumper. Assisted by Jordan McKenzie.",18,14,4,0.594565645630695,"Stony Brook","Hofstra",3,4,0,0,-0.8,400991453,2017-12-12
73,1,"10:57",1857,1857,"Hunter Sabety made Layup. Assisted by Desure Buie.",18,16,2,0.546668320198404,"Stony Brook","Hofstra",3,4,0,0,-0.8,400991453,2017-12-12
74,1,"10:37",1837,1837,"Junior Saintel missed Layup.",18,16,2,0.545008817605383,"Stony Brook","Hofstra",3,4,0,0,-0.8,400991453,2017-12-12
75,1,"10:37",1837,1837,"Matija Radovic Defensive Rebound.",18,16,2,0.545008817605383,"Stony Brook","Hofstra",3,4,0,0,-0.8,400991453,2017-12-12
76,1,"10:17",1817,1817,"Justin Wright-Foreman made Jumper.",18,18,0,0.480145561461091,"Stony Brook","Hofstra",3,4,0,0,-0.8,400991453,2017-12-12
77,1,"9:57",1797,1797,"Jordan McKenzie Turnover.",18,18,0,0.468666882999896,"Stony Brook","Hofstra",3,4,0,0,-0.8,400991453,2017-12-12
78,1,"9:56",1796,1796,"Desure Buie Steal.",18,18,0,0.468666882999896,"Stony Brook","Hofstra",3,4,0,0,-0.8,400991453,2017-12-12
79,1,"9:42",1782,1782,"Jalen Ray missed Three Point Jumper.",18,18,0,0.4594127522896,"Stony Brook","Hofstra",3,4,0,0,-0.8,400991453,2017-12-12
80,1,"9:42",1782,1782,"Anthony Ochefu Defensive Rebound.",18,18,0,0.4594127522896,"Stony Brook","Hofstra",3,4,0,0,-0.8,400991453,2017-12-12
81,1,"9:18",1758,1758,"Official TV Timeout",18,18,0,0.441872884943354,"Stony Brook","Hofstra",3,4,0,0,-0.8,400991453,2017-12-12
82,1,"9:12",1752,1752,"Jaron Cornish missed Layup.",18,18,0,0.441872884943354,"Stony Brook","Hofstra",3,4,0,0,-0.8,400991453,2017-12-12
83,1,"9:12",1752,1752,"Hunter Sabety Block.",18,18,0,0.441872884943354,"Stony Brook","Hofstra",3,4,0,0,-0.8,400991453,2017-12-12
84,1,"9:10",1750,1750,"Matija Radovic Defensive Rebound.",18,18,0,0.441872884943354,"Stony Brook","Hofstra",3,4,0,0,-0.8,400991453,2017-12-12
85,1,"8:52",1732,1732,"Hunter Sabety made Layup. Assisted by Desure Buie.",18,20,-2,0.40709229619812,"Stony Brook","Hofstra",3,4,0,0,-0.8,400991453,2017-12-12
86,1,"8:32",1712,1712,"Elijah Olaniyi made Jumper.",20,20,0,0.47422545033348,"Stony Brook","Hofstra",3,4,0,0,-0.8,400991453,2017-12-12
87,1,"8:13",1693,1693,"Eli Pemberton missed Three Point Jumper.",20,20,0,0.48848218890985,"Stony Brook","Hofstra",3,4,0,0,-0.8,400991453,2017-12-12
88,1,"8:13",1693,1693,"Akwasi Yeboah Defensive Rebound.",20,20,0,0.48848218890985,"Stony Brook","Hofstra",3,4,0,0,-0.8,400991453,2017-12-12
89,1,"8:10",1690,1690,"Foul on Hunter Sabety.",20,20,0,0.48848218890985,"Stony Brook","Hofstra",3,4,0,0,-0.8,400991453,2017-12-12
90,1,"7:56",1676,1676,"Akwasi Yeboah made Layup.",22,20,2,0.546931036604181,"Stony Brook","Hofstra",3,4,0,0,-0.8,400991453,2017-12-12
91,1,"7:42",1662,1662,"Desure Buie missed Three Point Jumper.",22,20,2,0.53901848768448,"Stony Brook","Hofstra",3,4,0,0,-0.8,400991453,2017-12-12
92,1,"7:42",1662,1662,"Akwasi Yeboah Defensive Rebound.",22,20,2,0.53901848768448,"Stony Brook","Hofstra",3,4,0,0,-0.8,400991453,2017-12-12
93,1,"7:34",1654,1654,"Jaron Cornish missed Three Point Jumper.",22,20,2,0.551212483457212,"Stony Brook","Hofstra",3,4,0,0,-0.8,400991453,2017-12-12
94,1,"7:34",1654,1654,"Matija Radovic Defensive Rebound.",22,20,2,0.551212483457212,"Stony Brook","Hofstra",3,4,0,0,-0.8,400991453,2017-12-12
95,1,"7:22",1642,1642,"Foul on Elijah Olaniyi.",22,20,2,0.55277752364618,"Stony Brook","Hofstra",3,4,0,0,-0.8,400991453,2017-12-12
96,1,"7:22",1642,1642,"Official TV Timeout",22,20,2,0.55277752364618,"Stony Brook","Hofstra",3,4,0,0,-0.8,400991453,2017-12-12
97,1,"7:04",1624,1624,"Justin Wright-Foreman missed Jumper.",22,20,2,0.539738770520169,"Stony Brook","Hofstra",3,4,0,0,-0.8,400991453,2017-12-12
98,1,"7:04",1624,1624,"Elijah Olaniyi Defensive Rebound.",22,20,2,0.539738770520169,"Stony Brook","Hofstra",3,4,0,0,-0.8,400991453,2017-12-12
99,1,"6:54",1614,1614,"Akwasi Yeboah missed Layup.",22,20,2,0.532578322116252,"Stony Brook","Hofstra",3,4,0,0,-0.8,400991453,2017-12-12
100,1,"6:54",1614,1614,"Joel Angus III Block.",22,20,2,0.532578322116252,"Stony Brook","Hofstra",3,4,0,0,-0.8,400991453,2017-12-12
101,1,"6:53",1613,1613,"Desure Buie Defensive Rebound.",22,20,2,0.532578322116252,"Stony Brook","Hofstra",3,4,0,0,-0.8,400991453,2017-12-12
102,1,"6:45",1605,1605,"Eli Pemberton missed Layup.",22,20,2,0.530808701156393,"Stony Brook","Hofstra",3,4,0,0,-0.8,400991453,2017-12-12
103,1,"6:45",1605,1605,"Jaron Cornish Block.",22,20,2,0.530808701156393,"Stony Brook","Hofstra",3,4,0,0,-0.8,400991453,2017-12-12
104,1,"6:45",1605,1605,"Hofstra Offensive Rebound.",22,20,2,0.530808701156393,"Stony Brook","Hofstra",3,4,0,0,-0.8,400991453,2017-12-12
105,1,"6:41",1601,1601,"Eli Pemberton missed Three Point Jumper.",22,20,2,0.530808701156393,"Stony Brook","Hofstra",3,4,0,0,-0.8,400991453,2017-12-12
106,1,"6:41",1601,1601,"Tyrell Sturdivant Defensive Rebound.",22,20,2,0.530808701156393,"Stony Brook","Hofstra",3,4,0,0,-0.8,400991453,2017-12-12
107,1,"6:28",1588,1588,"Foul on Eli Pemberton.",22,20,2,0.527878328559739,"Stony Brook","Hofstra",3,4,0,0,-0.8,400991453,2017-12-12
108,1,"6:26",1586,1586,"Tyrell Sturdivant missed Three Point Jumper.",22,20,2,0.527878328559739,"Stony Brook","Hofstra",3,4,0,0,-0.8,400991453,2017-12-12
109,1,"6:26",1586,1586,"Desure Buie Defensive Rebound.",22,20,2,0.527878328559739,"Stony Brook","Hofstra",3,4,0,0,-0.8,400991453,2017-12-12
110,1,"6:12",1572,1572,"Jalen Ray missed Jumper.",22,20,2,0.558413194102738,"Stony Brook","Hofstra",3,4,0,0,-0.8,400991453,2017-12-12
111,1,"6:12",1572,1572,"Elijah Olaniyi Defensive Rebound.",22,20,2,0.558413194102738,"Stony Brook","Hofstra",3,4,0,0,-0.8,400991453,2017-12-12
112,1,"5:59",1559,1559,"Bryan Sekunda made Three Point Jumper. Assisted by Tyrell Sturdivant.",25,20,5,0.644919857198026,"Stony Brook","Hofstra",3,4,0,0,-0.8,400991453,2017-12-12
113,1,"5:36",1536,1536,"Foul on Rokas Gustys.",25,20,5,0.648838725406952,"Stony Brook","Hofstra",3,4,0,0,-0.8,400991453,2017-12-12
114,1,"5:36",1536,1536,"Rokas Gustys Turnover.",25,20,5,0.648838725406952,"Stony Brook","Hofstra",3,4,0,0,-0.8,400991453,2017-12-12
115,1,"5:25",1525,1525,"Jaron Cornish missed Layup.",25,20,5,0.651995175661994,"Stony Brook","Hofstra",3,4,0,0,-0.8,400991453,2017-12-12
116,1,"5:25",1525,1525,"Joel Angus III Defensive Rebound.",25,20,5,0.651995175661994,"Stony Brook","Hofstra",3,4,0,0,-0.8,400991453,2017-12-12
117,1,"5:24",1524,1524,"Foul on Akwasi Yeboah.",25,20,5,0.651995175661994,"Stony Brook","Hofstra",3,4,0,0,-0.8,400991453,2017-12-12
118,1,"5:14",1514,1514,"Desure Buie Turnover.",25,20,5,0.678098573352487,"Stony Brook","Hofstra",3,4,0,0,-0.8,400991453,2017-12-12
119,1,"5:12",1512,1512,"Tyrell Sturdivant Steal.",25,20,5,0.678098573352487,"Stony Brook","Hofstra",3,4,0,0,-0.8,400991453,2017-12-12
120,1,"5:09",1509,1509,"Jaron Cornish Turnover.",25,20,5,0.649411053985218,"Stony Brook","Hofstra",3,4,0,0,-0.8,400991453,2017-12-12
121,1,"5:08",1508,1508,"Jalen Ray Steal.",25,20,5,0.649411053985218,"Stony Brook","Hofstra",3,4,0,0,-0.8,400991453,2017-12-12
122,1,"5:02",1502,1502,"Jalen Ray missed Three Point Jumper.",25,20,5,0.649411053985218,"Stony Brook","Hofstra",3,4,0,0,-0.8,400991453,2017-12-12
123,1,"5:02",1502,1502,"UC Iroegbu Defensive Rebound.",25,20,5,0.649411053985218,"Stony Brook","Hofstra",3,4,0,0,-0.8,400991453,2017-12-12
124,1,"4:56",1496,1496,"Foul on UC Iroegbu.",25,20,5,0.667230145702973,"Stony Brook","Hofstra",3,4,0,0,-0.8,400991453,2017-12-12
125,1,"4:56",1496,1496,"UC Iroegbu Turnover.",25,20,5,0.667230145702973,"Stony Brook","Hofstra",3,4,0,0,-0.8,400991453,2017-12-12
126,1,"4:39",1479,1479,"Kenny Wormley made Three Point Jumper. Assisted by Hunter Sabety.",25,23,2,0.545066467756387,"Stony Brook","Hofstra",3,4,0,0,-0.8,400991453,2017-12-12
127,1,"4:15",1455,1455,"Bryan Sekunda missed Jumper.",25,23,2,0.537729774863564,"Stony Brook","Hofstra",3,4,0,0,-0.8,400991453,2017-12-12
128,1,"4:15",1455,1455,"Hunter Sabety Defensive Rebound.",25,23,2,0.537729774863564,"Stony Brook","Hofstra",3,4,0,0,-0.8,400991453,2017-12-12
129,1,"4:05",1445,1445,"Justin Wright-Foreman missed Layup.",25,23,2,0.57875667453437,"Stony Brook","Hofstra",3,4,0,0,-0.8,400991453,2017-12-12
130,1,"4:05",1445,1445,"Tyrell Sturdivant Block.",25,23,2,0.57875667453437,"Stony Brook","Hofstra",3,4,0,0,-0.8,400991453,2017-12-12
131,1,"4:03",1443,1443,"Hofstra Offensive Rebound.",25,23,2,0.57875667453437,"Stony Brook","Hofstra",3,4,0,0,-0.8,400991453,2017-12-12
132,1,"4:00",1440,1440,"Justin Wright-Foreman Turnover.",25,23,2,0.57875667453437,"Stony Brook","Hofstra",3,4,0,0,-0.8,400991453,2017-12-12
133,1,"3:58",1438,1438,"Michael Almonacy Steal.",25,23,2,0.568389033849486,"Stony Brook","Hofstra",3,4,0,0,-0.8,400991453,2017-12-12
134,1,"3:56",1436,1436,"Michael Almonacy made Layup.",27,23,4,0.639568605317465,"Stony Brook","Hofstra",3,4,0,0,-0.8,400991453,2017-12-12
135,1,"3:40",1420,1420,"Desure Buie missed Layup.",27,23,4,0.615068413680981,"Stony Brook","Hofstra",3,4,0,0,-0.8,400991453,2017-12-12
136,1,"3:40",1420,1420,"Hunter Sabety Offensive Rebound.",27,23,4,0.615068413680981,"Stony Brook","Hofstra",3,4,0,0,-0.8,400991453,2017-12-12
137,1,"3:36",1416,1416,"Hunter Sabety made Layup.",27,25,2,0.555177676364723,"Stony Brook","Hofstra",3,4,0,0,-0.8,400991453,2017-12-12
138,1,"3:24",1404,1404,"Bryan Sekunda missed Three Point Jumper.",27,25,2,0.569803951577095,"Stony Brook","Hofstra",3,4,0,0,-0.8,400991453,2017-12-12
139,1,"3:24",1404,1404,"Michael Almonacy Offensive Rebound.",27,25,2,0.569803951577095,"Stony Brook","Hofstra",3,4,0,0,-0.8,400991453,2017-12-12
140,1,"3:04",1384,1384,"Bryan Sekunda missed Three Point Jumper.",27,25,2,0.564583961955146,"Stony Brook","Hofstra",3,4,0,0,-0.8,400991453,2017-12-12
141,1,"3:04",1384,1384,"Justin Wright-Foreman Defensive Rebound.",27,25,2,0.564583961955146,"Stony Brook","Hofstra",3,4,0,0,-0.8,400991453,2017-12-12
142,1,"2:55",1375,1375,"Justin Wright-Foreman made Three Point Jumper.",27,28,-1,0.427713440695224,"Stony Brook","Hofstra",3,4,0,0,-0.8,400991453,2017-12-12
143,1,"2:42",1362,1362,"Stony Brook  Timeout",27,28,-1,0.442429406689559,"Stony Brook","Hofstra",3,3,0,1,-0.8,400991453,2017-12-12
144,1,"2:25",1345,1345,"Foul on Kenny Wormley.",27,28,-1,0.4377510046801,"Stony Brook","Hofstra",3,3,0,1,-0.8,400991453,2017-12-12
145,1,"2:25",1345,1345,"Elijah Olaniyi made Free Throw.",28,28,0,0.476927003168236,"Stony Brook","Hofstra",3,3,0,1,-0.8,400991453,2017-12-12
146,1,"2:25",1345,1345,"Elijah Olaniyi made Free Throw.",29,28,1,0.516388970418295,"Stony Brook","Hofstra",3,3,0,1,-0.8,400991453,2017-12-12
147,1,"2:12",1332,1332,"Foul on Michael Almonacy.",29,28,1,0.506058006321903,"Stony Brook","Hofstra",3,3,0,1,-0.8,400991453,2017-12-12
148,1,"2:12",1332,1332,"Hunter Sabety made Free Throw.",29,29,0,0.467212195215318,"Stony Brook","Hofstra",3,3,0,1,-0.8,400991453,2017-12-12
149,1,"2:12",1332,1332,"Hunter Sabety missed Free Throw.",29,29,0,0.467212195215318,"Stony Brook","Hofstra",3,3,0,1,-0.8,400991453,2017-12-12
150,1,"2:12",1332,1332,"Elijah Olaniyi Defensive Rebound.",29,29,0,0.467212195215318,"Stony Brook","Hofstra",3,3,0,1,-0.8,400991453,2017-12-12
151,1,"2:00",1320,1320,"Bryan Sekunda made Three Point Jumper. Assisted by Jaron Cornish.",32,29,3,0.595573179868389,"Stony Brook","Hofstra",3,3,0,1,-0.8,400991453,2017-12-12
152,1,"1:45",1305,1305,"Desure Buie made Three Point Jumper. Assisted by Justin Wright-Foreman.",32,32,0,0.49005797023952,"Stony Brook","Hofstra",3,3,0,1,-0.8,400991453,2017-12-12
153,1,"1:32",1292,1292,"Jaron Cornish Turnover.",32,32,0,0.509949095134474,"Stony Brook","Hofstra",3,3,0,0,-0.8,400991453,2017-12-12
154,1,"1:31",1291,1291,"Desure Buie Steal.",32,32,0,0.509949095134474,"Stony Brook","Hofstra",3,3,0,0,-0.8,400991453,2017-12-12
155,1,"1:28",1288,1288,"Foul on Jaron Cornish.",32,32,0,0.476347925747583,"Stony Brook","Hofstra",3,3,0,0,-0.8,400991453,2017-12-12
156,1,"1:26",1286,1286,"Desure Buie missed Free Throw.",32,32,0,0.476347925747583,"Stony Brook","Hofstra",3,3,0,0,-0.8,400991453,2017-12-12
157,1,"1:26",1286,1286,"Hofstra Deadball Team Rebound.",32,32,0,0.476347925747583,"Stony Brook","Hofstra",3,3,0,0,-0.8,400991453,2017-12-12
158,1,"1:26",1286,1286,"Desure Buie made Free Throw.",32,33,-1,0.439185709372566,"Stony Brook","Hofstra",3,3,0,0,-0.8,400991453,2017-12-12
159,1,"1:11",1271,1271,"Foul on Stafford Trueheart.",32,33,-1,0.42543987178757,"Stony Brook","Hofstra",3,3,0,0,-0.8,400991453,2017-12-12
160,1,"1:11",1271,1271,"Jakub Petras made Free Throw.",33,33,0,0.462410497689315,"Stony Brook","Hofstra",3,3,0,0,-0.8,400991453,2017-12-12
161,1,"1:11",1271,1271,"Jakub Petras missed Free Throw.",33,33,0,0.462410497689315,"Stony Brook","Hofstra",3,3,0,0,-0.8,400991453,2017-12-12
162,1,"1:11",1271,1271,"Hunter Sabety Defensive Rebound.",33,33,0,0.462410497689315,"Stony Brook","Hofstra",3,3,0,0,-0.8,400991453,2017-12-12
163,1,"0:54",1254,1254,"Foul on Jaron Cornish.",33,33,0,0.483287875274576,"Stony Brook","Hofstra",3,3,0,0,-0.8,400991453,2017-12-12
164,1,"0:54",1254,1254,"Justin Wright-Foreman made Free Throw.",33,34,-1,0.445617702150753,"Stony Brook","Hofstra",3,3,0,0,-0.8,400991453,2017-12-12
165,1,"0:54",1254,1254,"Justin Wright-Foreman made Free Throw.",33,35,-2,0.408562093328984,"Stony Brook","Hofstra",3,3,0,0,-0.8,400991453,2017-12-12
166,1,"0:40",1240,1240,"Jakub Petras made Layup. Assisted by Elijah Olaniyi.",35,35,0,0.478346757601524,"Stony Brook","Hofstra",3,3,0,0,-0.8,400991453,2017-12-12
167,1,"0:14",1214,1214,"Desure Buie Turnover.",35,35,0,0.476916877378921,"Stony Brook","Hofstra",3,3,0,0,-0.8,400991453,2017-12-12
168,1,"0:14",1214,1214,"Elijah Olaniyi Steal.",35,35,0,0.476916877378921,"Stony Brook","Hofstra",3,3,0,0,-0.8,400991453,2017-12-12
169,1,"0:14",1214,1214,"Foul on Kenny Wormley.",35,35,0,0.476916877378921,"Stony Brook","Hofstra",3,3,0,0,-0.8,400991453,2017-12-12
170,1,"0:14",1214,1214,"Elijah Olaniyi made Free Throw.",36,35,1,0.518117422326418,"Stony Brook","Hofstra",3,3,0,0,-0.8,400991453,2017-12-12
171,1,"0:14",1214,1214,"Elijah Olaniyi made Free Throw.",37,35,2,0.559073075722776,"Stony Brook","Hofstra",3,3,0,0,-0.8,400991453,2017-12-12
172,1,"0:04",1204,1204,"Justin Wright-Foreman missed Three Point Jumper.",37,35,2,0.558982907914258,"Stony Brook","Hofstra",3,3,0,0,-0.8,400991453,2017-12-12
173,1,"0:04",1204,1204,"Desure Buie Offensive Rebound.",37,35,2,0.558982907914258,"Stony Brook","Hofstra",3,3,0,0,-0.8,400991453,2017-12-12
174,1,"0:00",1200,1200,"End of 1st half",37,35,2,0.558982907914258,"Stony Brook","Hofstra",3,3,0,0,-0.8,400991453,2017-12-12
175,2,"20:00",1200,1200,"PLAY",37,35,2,0.558982907914258,"Stony Brook","Hofstra",4,4,0,0,-0.8,400991453,2017-12-12
176,2,"19:40",1180,1180,"Bryan Sekunda Turnover.",37,35,2,0.561079182372143,"Stony Brook","Hofstra",4,4,0,0,-0.8,400991453,2017-12-12
177,2,"19:39",1179,1179,"Kenny Wormley Steal.",37,35,2,0.567071387893857,"Stony Brook","Hofstra",4,4,0,0,-0.8,400991453,2017-12-12
178,2,"19:25",1165,1165,"Kenny Wormley made Layup.",37,37,0,0.457756773728506,"Stony Brook","Hofstra",4,4,0,0,-0.8,400991453,2017-12-12
179,2,"19:00",1140,1140,"Jaron Cornish Turnover.",37,37,0,0.487880928246723,"Stony Brook","Hofstra",4,4,0,0,-0.8,400991453,2017-12-12
180,2,"18:58",1138,1138,"Rokas Gustys Steal.",37,37,0,0.485920576859155,"Stony Brook","Hofstra",4,4,0,0,-0.8,400991453,2017-12-12
181,2,"18:47",1127,1127,"Kenny Wormley missed Three Point Jumper.",37,37,0,0.475540245428371,"Stony Brook","Hofstra",4,4,0,0,-0.8,400991453,2017-12-12
182,2,"18:47",1127,1127,"Akwasi Yeboah Defensive Rebound.",37,37,0,0.475540245428371,"Stony Brook","Hofstra",4,4,0,0,-0.8,400991453,2017-12-12
183,2,"18:35",1115,1115,"Jaron Cornish made Layup.",39,37,2,0.578769335644651,"Stony Brook","Hofstra",4,4,0,0,-0.8,400991453,2017-12-12
184,2,"18:22",1102,1102,"Justin Wright-Foreman Turnover.",39,37,2,0.560938390677007,"Stony Brook","Hofstra",4,4,0,0,-0.8,400991453,2017-12-12
185,2,"18:21",1101,1101,"Tyrell Sturdivant Steal.",39,37,2,0.560938390677007,"Stony Brook","Hofstra",4,4,0,0,-0.8,400991453,2017-12-12
186,2,"18:18",1098,1098,"Junior Saintel made Dunk. Assisted by Akwasi Yeboah.",41,37,4,0.656163743199976,"Stony Brook","Hofstra",4,4,0,0,-0.8,400991453,2017-12-12
187,2,"17:51",1071,1071,"Kenny Wormley made Jumper.",41,39,2,0.582252383497727,"Stony Brook","Hofstra",4,4,0,0,-0.8,400991453,2017-12-12
188,2,"17:27",1047,1047,"Akwasi Yeboah missed Layup.",41,39,2,0.587317759128341,"Stony Brook","Hofstra",4,4,0,0,-0.8,400991453,2017-12-12
189,2,"17:27",1047,1047,"Joel Angus III Block.",41,39,2,0.587317759128341,"Stony Brook","Hofstra",4,4,0,0,-0.8,400991453,2017-12-12
190,2,"17:27",1047,1047,"Stony Brook Offensive Rebound.",41,39,2,0.587317759128341,"Stony Brook","Hofstra",4,4,0,0,-0.8,400991453,2017-12-12
191,2,"17:26",1046,1046,"Foul on Eli Pemberton.",41,39,2,0.587317759128341,"Stony Brook","Hofstra",4,4,0,0,-0.8,400991453,2017-12-12
192,2,"17:26",1046,1046,"Junior Saintel made Free Throw.",42,39,3,0.629034598505693,"Stony Brook","Hofstra",4,4,0,0,-0.8,400991453,2017-12-12
193,2,"17:26",1046,1046,"Junior Saintel made Free Throw.",43,39,4,0.668911670600677,"Stony Brook","Hofstra",4,4,0,0,-0.8,400991453,2017-12-12
194,2,"17:09",1029,1029,"Joel Angus III Turnover.",43,39,4,0.666014225347112,"Stony Brook","Hofstra",4,4,0,0,-0.8,400991453,2017-12-12
195,2,"17:08",1028,1028,"Junior Saintel Steal.",43,39,4,0.666014225347112,"Stony Brook","Hofstra",4,4,0,0,-0.8,400991453,2017-12-12
196,2,"17:08",1028,1028,"Foul on Joel Angus III.",43,39,4,0.666014225347112,"Stony Brook","Hofstra",4,4,0,0,-0.8,400991453,2017-12-12
197,2,"16:58",1018,1018,"Akwasi Yeboah missed Three Point Jumper.",43,39,4,0.638813184708711,"Stony Brook","Hofstra",4,4,0,0,-0.8,400991453,2017-12-12
198,2,"16:58",1018,1018,"Rokas Gustys Defensive Rebound.",43,39,4,0.638813184708711,"Stony Brook","Hofstra",4,4,0,0,-0.8,400991453,2017-12-12
199,2,"16:51",1011,1011,"Foul on Tyrell Sturdivant.",43,39,4,0.638813184708711,"Stony Brook","Hofstra",4,4,0,0,-0.8,400991453,2017-12-12
200,2,"16:41",1001,1001,"Jalen Ray missed Layup.",43,39,4,0.65151822746878,"Stony Brook","Hofstra",4,4,0,0,-0.8,400991453,2017-12-12
201,2,"16:41",1001,1001,"Hofstra Offensive Rebound.",43,39,4,0.65151822746878,"Stony Brook","Hofstra",4,4,0,0,-0.8,400991453,2017-12-12
202,2,"16:37",997,997,"Rokas Gustys missed Layup.",43,39,4,0.64371271265115,"Stony Brook","Hofstra",4,4,0,0,-0.8,400991453,2017-12-12
203,2,"16:37",997,997,"Junior Saintel Block.",43,39,4,0.64371271265115,"Stony Brook","Hofstra",4,4,0,0,-0.8,400991453,2017-12-12
204,2,"16:36",996,996,"Akwasi Yeboah Defensive Rebound.",43,39,4,0.64371271265115,"Stony Brook","Hofstra",4,4,0,0,-0.8,400991453,2017-12-12
205,2,"16:20",980,980,"Akwasi Yeboah missed Layup.",43,39,4,0.695297309113,"Stony Brook","Hofstra",4,4,0,0,-0.8,400991453,2017-12-12
206,2,"16:20",980,980,"Rokas Gustys Defensive Rebound.",43,39,4,0.695297309113,"Stony Brook","Hofstra",4,4,0,0,-0.8,400991453,2017-12-12
207,2,"16:15",975,975,"Foul on Kenny Wormley.",43,39,4,0.666845498372015,"Stony Brook","Hofstra",4,4,0,0,-0.8,400991453,2017-12-12
208,2,"16:15",975,975,"Kenny Wormley Turnover.",43,39,4,0.666845498372015,"Stony Brook","Hofstra",4,4,0,0,-0.8,400991453,2017-12-12
209,2,"15:59",959,959,"Foul on Jalen Ray.",43,39,4,0.652662606404284,"Stony Brook","Hofstra",4,4,0,0,-0.8,400991453,2017-12-12
210,2,"15:59",959,959,"Official TV Timeout",43,39,4,0.652662606404284,"Stony Brook","Hofstra",4,4,0,0,-0.8,400991453,2017-12-12
211,2,"15:57",957,957,"Bryan Sekunda made Three Point Jumper. Assisted by Jaron Cornish.",46,39,7,0.769316877997313,"Stony Brook","Hofstra",4,4,0,0,-0.8,400991453,2017-12-12
212,2,"15:39",939,939,"Joel Angus III missed Layup.",46,39,7,0.782363219968319,"Stony Brook","Hofstra",4,4,0,0,-0.8,400991453,2017-12-12
213,2,"15:39",939,939,"Rokas Gustys Offensive Rebound.",46,39,7,0.782363219968319,"Stony Brook","Hofstra",4,4,0,0,-0.8,400991453,2017-12-12
214,2,"15:37",937,937,"Rokas Gustys made Layup.",46,41,5,0.71027522476406,"Stony Brook","Hofstra",4,4,0,0,-0.8,400991453,2017-12-12
215,2,"15:37",937,937,"Foul on Tyrell Sturdivant.",46,41,5,0.71027522476406,"Stony Brook","Hofstra",4,4,0,0,-0.8,400991453,2017-12-12
216,2,"15:37",937,937,"Rokas Gustys made Free Throw.",46,42,4,0.669369741937815,"Stony Brook","Hofstra",4,4,0,0,-0.8,400991453,2017-12-12
217,2,"15:25",925,925,"Bryan Sekunda made Three Point Jumper. Assisted by Jaron Cornish.",49,42,7,0.76933288580599,"Stony Brook","Hofstra",4,4,0,0,-0.8,400991453,2017-12-12
218,2,"15:11",911,911,"Justin Wright-Foreman made Three Point Jumper.",49,45,4,0.666477560327281,"Stony Brook","Hofstra",4,4,0,0,-0.8,400991453,2017-12-12
219,2,"14:48",888,888,"Bryan Sekunda made Jumper. Assisted by Jaron Cornish.",51,45,6,0.723383309767421,"Stony Brook","Hofstra",4,4,0,0,-0.8,400991453,2017-12-12
220,2,"14:32",872,872,"Rokas Gustys Turnover.",51,45,6,0.753060765889626,"Stony Brook","Hofstra",4,4,0,0,-0.8,400991453,2017-12-12
221,2,"14:31",871,871,"Junior Saintel Steal.",51,45,6,0.753060765889626,"Stony Brook","Hofstra",4,4,0,0,-0.8,400991453,2017-12-12
222,2,"14:20",860,860,"Foul on Justin Wright-Foreman.",51,45,6,0.738345354965355,"Stony Brook","Hofstra",4,4,0,0,-0.8,400991453,2017-12-12
223,2,"14:20",860,860,"Junior Saintel missed Free Throw.",51,45,6,0.738345354965355,"Stony Brook","Hofstra",4,4,0,0,-0.8,400991453,2017-12-12
224,2,"14:20",860,860,"Stony Brook Deadball Team Rebound.",51,45,6,0.738345354965355,"Stony Brook","Hofstra",4,4,0,0,-0.8,400991453,2017-12-12
225,2,"14:20",860,860,"Junior Saintel missed Free Throw.",51,45,6,0.738345354965355,"Stony Brook","Hofstra",4,4,0,0,-0.8,400991453,2017-12-12
226,2,"14:20",860,860,"Stafford Trueheart Defensive Rebound.",51,45,6,0.738345354965355,"Stony Brook","Hofstra",4,4,0,0,-0.8,400991453,2017-12-12
227,2,"14:08",848,848,"Rokas Gustys made Layup. Assisted by Justin Wright-Foreman.",51,47,4,0.687955694065605,"Stony Brook","Hofstra",4,4,0,0,-0.8,400991453,2017-12-12
228,2,"13:50",830,830,"UC Iroegbu missed Three Point Jumper.",51,47,4,0.677296296639617,"Stony Brook","Hofstra",4,4,0,0,-0.8,400991453,2017-12-12
229,2,"13:50",830,830,"Tyrell Sturdivant Offensive Rebound.",51,47,4,0.677296296639617,"Stony Brook","Hofstra",4,4,0,0,-0.8,400991453,2017-12-12
230,2,"13:42",822,822,"Foul on Desure Buie.",51,47,4,0.664160287086689,"Stony Brook","Hofstra",4,4,0,0,-0.8,400991453,2017-12-12
231,2,"13:29",809,809,"Jaron Cornish made Three Point Jumper. Assisted by Bryan Sekunda.",54,47,7,0.805962949715777,"Stony Brook","Hofstra",4,4,0,0,-0.8,400991453,2017-12-12
232,2,"13:18",798,798,"Justin Wright-Foreman made Three Point Jumper.",54,50,4,0.689132929727814,"Stony Brook","Hofstra",4,4,0,0,-0.8,400991453,2017-12-12
233,2,"13:15",795,795,"Hofstra  Timeout",54,50,4,0.689132929727814,"Stony Brook","Hofstra",3,4,1,0,-0.8,400991453,2017-12-12
234,2,"12:53",773,773,"Jaron Cornish missed Three Point Jumper.",54,50,4,0.687670850312688,"Stony Brook","Hofstra",3,4,1,0,-0.8,400991453,2017-12-12
235,2,"12:53",773,773,"Justin Wright-Foreman Defensive Rebound.",54,50,4,0.687670850312688,"Stony Brook","Hofstra",3,4,1,0,-0.8,400991453,2017-12-12
236,2,"12:38",758,758,"Justin Wright-Foreman Turnover.",54,50,4,0.689115480682071,"Stony Brook","Hofstra",3,4,1,0,-0.8,400991453,2017-12-12
237,2,"12:23",743,743,"Jakub Petras Turnover.",54,50,4,0.687864381886849,"Stony Brook","Hofstra",3,4,1,0,-0.8,400991453,2017-12-12
238,2,"12:06",726,726,"Foul on Jakub Petras.",54,50,4,0.716148068108624,"Stony Brook","Hofstra",3,4,0,0,-0.8,400991453,2017-12-12
239,2,"12:06",726,726,"Rokas Gustys missed Free Throw.",54,50,4,0.716148068108624,"Stony Brook","Hofstra",3,4,0,0,-0.8,400991453,2017-12-12
240,2,"12:06",726,726,"Hofstra Deadball Team Rebound.",54,50,4,0.716148068108624,"Stony Brook","Hofstra",3,4,0,0,-0.8,400991453,2017-12-12
241,2,"12:06",726,726,"Rokas Gustys missed Free Throw.",54,50,4,0.716148068108624,"Stony Brook","Hofstra",3,4,0,0,-0.8,400991453,2017-12-12
242,2,"12:06",726,726,"Eli Pemberton Offensive Rebound.",54,50,4,0.716148068108624,"Stony Brook","Hofstra",3,4,0,0,-0.8,400991453,2017-12-12
243,2,"12:05",725,725,"Foul on Jakub Petras.",54,50,4,0.716148068108624,"Stony Brook","Hofstra",3,4,0,0,-0.8,400991453,2017-12-12
244,2,"12:05",725,725,"Eli Pemberton made Free Throw.",54,51,3,0.66937355451193,"Stony Brook","Hofstra",3,4,0,0,-0.8,400991453,2017-12-12
245,2,"12:05",725,725,"Eli Pemberton made Free Throw.",54,52,2,0.618992006853725,"Stony Brook","Hofstra",3,4,0,0,-0.8,400991453,2017-12-12
246,2,"11:51",711,711,"Akwasi Yeboah missed Three Point Jumper.",54,52,2,0.567928968585593,"Stony Brook","Hofstra",3,4,0,0,-0.8,400991453,2017-12-12
247,2,"11:51",711,711,"Elijah Olaniyi Offensive Rebound.",54,52,2,0.567928968585593,"Stony Brook","Hofstra",3,4,0,0,-0.8,400991453,2017-12-12
248,2,"11:47",707,707,"Elijah Olaniyi missed Layup.",54,52,2,0.610651180500187,"Stony Brook","Hofstra",3,4,0,0,-0.8,400991453,2017-12-12
249,2,"11:47",707,707,"Eli Pemberton Defensive Rebound.",54,52,2,0.610651180500187,"Stony Brook","Hofstra",3,4,0,0,-0.8,400991453,2017-12-12
250,2,"11:46",706,706,"Foul on Elijah Olaniyi.",54,52,2,0.610651180500187,"Stony Brook","Hofstra",3,4,0,0,-0.8,400991453,2017-12-12
251,2,"11:46",706,706,"Official TV Timeout",54,52,2,0.610651180500187,"Stony Brook","Hofstra",3,4,0,0,-0.8,400991453,2017-12-12
252,2,"11:38",698,698,"Justin Wright-Foreman missed Three Point Jumper.",54,52,2,0.599756127665235,"Stony Brook","Hofstra",3,4,0,0,-0.8,400991453,2017-12-12
253,2,"11:38",698,698,"Akwasi Yeboah Defensive Rebound.",54,52,2,0.599756127665235,"Stony Brook","Hofstra",3,4,0,0,-0.8,400991453,2017-12-12
254,2,"11:26",686,686,"UC Iroegbu Turnover.",54,52,2,0.588963070147396,"Stony Brook","Hofstra",3,4,0,0,-0.8,400991453,2017-12-12
255,2,"11:26",686,686,"Jalen Ray Steal.",54,52,2,0.588963070147396,"Stony Brook","Hofstra",3,4,0,0,-0.8,400991453,2017-12-12
256,2,"11:22",682,682,"Jalen Ray Turnover.",54,52,2,0.588963070147396,"Stony Brook","Hofstra",3,4,0,0,-0.8,400991453,2017-12-12
257,2,"11:21",681,681,"UC Iroegbu Steal.",54,52,2,0.588963070147396,"Stony Brook","Hofstra",3,4,0,0,-0.8,400991453,2017-12-12
258,2,"11:19",679,679,"Elijah Olaniyi made Three Point Jumper. Assisted by UC Iroegbu.",57,52,5,0.745212963998297,"Stony Brook","Hofstra",3,4,0,0,-0.8,400991453,2017-12-12
259,2,"10:53",653,653,"Jalen Ray missed Layup.",57,52,5,0.770497071998387,"Stony Brook","Hofstra",3,4,0,0,-0.8,400991453,2017-12-12
260,2,"10:53",653,653,"Hunter Sabety Offensive Rebound.",57,52,5,0.770497071998387,"Stony Brook","Hofstra",3,4,0,0,-0.8,400991453,2017-12-12
261,2,"10:49",649,649,"Hunter Sabety made Layup.",57,54,3,0.670374058331601,"Stony Brook","Hofstra",3,4,0,0,-0.8,400991453,2017-12-12
262,2,"10:36",636,636,"Foul on Hunter Sabety.",57,54,3,0.662226956192776,"Stony Brook","Hofstra",3,4,0,0,-0.8,400991453,2017-12-12
263,2,"10:35",635,635,"Akwasi Yeboah made Free Throw.",58,54,4,0.712916417475761,"Stony Brook","Hofstra",3,4,0,0,-0.8,400991453,2017-12-12
264,2,"10:35",635,635,"Akwasi Yeboah missed Free Throw.",58,54,4,0.712916417475761,"Stony Brook","Hofstra",3,4,0,0,-0.8,400991453,2017-12-12
265,2,"10:35",635,635,"Hunter Sabety Defensive Rebound.",58,54,4,0.712916417475761,"Stony Brook","Hofstra",3,4,0,0,-0.8,400991453,2017-12-12
266,2,"10:28",628,628,"Eli Pemberton Turnover.",58,54,4,0.719153780648652,"Stony Brook","Hofstra",3,4,0,0,-0.8,400991453,2017-12-12
267,2,"10:12",612,612,"UC Iroegbu missed Layup.",58,54,4,0.71362764291873,"Stony Brook","Hofstra",3,4,0,0,-0.8,400991453,2017-12-12
268,2,"10:12",612,612,"Kenny Wormley Defensive Rebound.",58,54,4,0.71362764291873,"Stony Brook","Hofstra",3,4,0,0,-0.8,400991453,2017-12-12
269,2,"10:09",609,609,"Foul on UC Iroegbu.",58,54,4,0.720294089007426,"Stony Brook","Hofstra",3,4,0,0,-0.8,400991453,2017-12-12
270,2,"9:53",593,593,"Foul on Akwasi Yeboah.",58,54,4,0.716595096877752,"Stony Brook","Hofstra",3,4,0,0,-0.8,400991453,2017-12-12
271,2,"9:53",593,593,"Desure Buie missed Free Throw.",58,54,4,0.716595096877752,"Stony Brook","Hofstra",3,4,0,0,-0.8,400991453,2017-12-12
272,2,"9:53",593,593,"Hofstra Deadball Team Rebound.",58,54,4,0.716595096877752,"Stony Brook","Hofstra",3,4,0,0,-0.8,400991453,2017-12-12
273,2,"9:53",593,593,"Desure Buie made Free Throw.",58,55,3,0.665513057957508,"Stony Brook","Hofstra",3,4,0,0,-0.8,400991453,2017-12-12
274,2,"9:39",579,579,"Akwasi Yeboah missed Layup.",58,55,3,0.69752827404219,"Stony Brook","Hofstra",3,4,0,0,-0.8,400991453,2017-12-12
275,2,"9:39",579,579,"Hunter Sabety Defensive Rebound.",58,55,3,0.69752827404219,"Stony Brook","Hofstra",3,4,0,0,-0.8,400991453,2017-12-12
276,2,"9:35",575,575,"Desure Buie made Three Point Jumper. Assisted by Justin Wright-Foreman.",58,58,0,0.518954889540698,"Stony Brook","Hofstra",3,4,0,0,-0.8,400991453,2017-12-12
277,2,"9:10",550,550,"Jakub Petras missed Layup.",58,58,0,0.480294011923154,"Stony Brook","Hofstra",3,4,0,0,-0.8,400991453,2017-12-12
278,2,"9:10",550,550,"Desure Buie Defensive Rebound.",58,58,0,0.480294011923154,"Stony Brook","Hofstra",3,4,0,0,-0.8,400991453,2017-12-12
279,2,"9:06",546,546,"Foul on Jakub Petras.",58,58,0,0.475132896779736,"Stony Brook","Hofstra",3,4,0,0,-0.8,400991453,2017-12-12
280,2,"9:06",546,546,"Desure Buie made Free Throw.",58,59,-1,0.40912910459648,"Stony Brook","Hofstra",3,4,0,0,-0.8,400991453,2017-12-12
281,2,"9:06",546,546,"Desure Buie made Free Throw.",58,60,-2,0.346245687835388,"Stony Brook","Hofstra",3,4,0,0,-0.8,400991453,2017-12-12
282,2,"8:49",529,529,"Tyrell Sturdivant Turnover.",58,60,-2,0.378278688339329,"Stony Brook","Hofstra",3,4,0,0,-0.8,400991453,2017-12-12
283,2,"8:48",528,528,"Desure Buie Steal.",58,60,-2,0.378278688339329,"Stony Brook","Hofstra",3,4,0,0,-0.8,400991453,2017-12-12
284,2,"8:43",523,523,"Justin Wright-Foreman made Layup.",58,62,-4,0.260853111319832,"Stony Brook","Hofstra",3,4,0,0,-0.8,400991453,2017-12-12
285,2,"8:40",520,520,"Stony Brook  Timeout",58,62,-4,0.260853111319832,"Stony Brook","Hofstra",3,3,0,1,-0.8,400991453,2017-12-12
286,2,"8:27",507,507,"Elijah Olaniyi Turnover.",58,62,-4,0.265909794903867,"Stony Brook","Hofstra",3,3,0,1,-0.8,400991453,2017-12-12
287,2,"8:01",481,481,"Justin Wright-Foreman made Three Point Jumper.",58,65,-7,0.126130328546387,"Stony Brook","Hofstra",3,3,0,1,-0.8,400991453,2017-12-12
288,2,"7:42",462,462,"Tyrell Sturdivant Turnover.",58,65,-7,0.115928447546843,"Stony Brook","Hofstra",3,3,0,1,-0.8,400991453,2017-12-12
289,2,"7:40",460,460,"Desure Buie Steal.",58,65,-7,0.115928447546843,"Stony Brook","Hofstra",3,3,0,1,-0.8,400991453,2017-12-12
290,2,"7:35",455,455,"Foul on Desure Buie.",58,65,-7,0.0942207552372078,"Stony Brook","Hofstra",3,3,0,0,-0.8,400991453,2017-12-12
291,2,"7:35",455,455,"Desure Buie Turnover.",58,65,-7,0.0942207552372078,"Stony Brook","Hofstra",3,3,0,0,-0.8,400991453,2017-12-12
292,2,"7:35",455,455,"Official TV Timeout",58,65,-7,0.0942207552372078,"Stony Brook","Hofstra",3,3,0,0,-0.8,400991453,2017-12-12
293,2,"7:21",441,441,"Jaron Cornish missed Layup.",58,65,-7,0.128840750789803,"Stony Brook","Hofstra",3,3,0,0,-0.8,400991453,2017-12-12
294,2,"7:21",441,441,"Jaron Cornish Offensive Rebound.",58,65,-7,0.128840750789803,"Stony Brook","Hofstra",3,3,0,0,-0.8,400991453,2017-12-12
295,2,"7:14",434,434,"Akwasi Yeboah missed Three Point Jumper.",58,65,-7,0.105280692592171,"Stony Brook","Hofstra",3,3,0,0,-0.8,400991453,2017-12-12
296,2,"7:14",434,434,"Akwasi Yeboah Offensive Rebound.",58,65,-7,0.105280692592171,"Stony Brook","Hofstra",3,3,0,0,-0.8,400991453,2017-12-12
297,2,"7:11",431,431,"Foul on Rokas Gustys.",58,65,-7,0.105280692592171,"Stony Brook","Hofstra",3,3,0,0,-0.8,400991453,2017-12-12
298,2,"7:11",431,431,"Akwasi Yeboah missed Free Throw.",58,65,-7,0.105280692592171,"Stony Brook","Hofstra",3,3,0,0,-0.8,400991453,2017-12-12
299,2,"7:11",431,431,"Stony Brook Deadball Team Rebound.",58,65,-7,0.105280692592171,"Stony Brook","Hofstra",3,3,0,0,-0.8,400991453,2017-12-12
300,2,"7:11",431,431,"Akwasi Yeboah made Free Throw.",59,65,-6,0.137968176811874,"Stony Brook","Hofstra",3,3,0,0,-0.8,400991453,2017-12-12
301,2,"6:50",410,410,"Eli Pemberton missed Jumper.",59,65,-6,0.134117565037043,"Stony Brook","Hofstra",3,3,0,0,-0.8,400991453,2017-12-12
302,2,"6:50",410,410,"Rokas Gustys Offensive Rebound.",59,65,-6,0.134117565037043,"Stony Brook","Hofstra",3,3,0,0,-0.8,400991453,2017-12-12
303,2,"6:47",407,407,"Hofstra  Timeout",59,65,-6,0.113785066902326,"Stony Brook","Hofstra",2,3,1,0,-0.8,400991453,2017-12-12
304,2,"6:44",404,404,"Justin Wright-Foreman missed Three Point Jumper.",59,65,-6,0.113785066902326,"Stony Brook","Hofstra",2,3,1,0,-0.8,400991453,2017-12-12
305,2,"6:44",404,404,"Jaron Cornish Defensive Rebound.",59,65,-6,0.113785066902326,"Stony Brook","Hofstra",2,3,1,0,-0.8,400991453,2017-12-12
306,2,"6:39",399,399,"Elijah Olaniyi made Three Point Jumper. Assisted by Bryan Sekunda.",62,65,-3,0.289563056437319,"Stony Brook","Hofstra",2,3,1,0,-0.8,400991453,2017-12-12
307,2,"6:24",384,384,"Justin Wright-Foreman made Three Point Jumper. Assisted by Kenny Wormley.",62,68,-6,0.139346294973471,"Stony Brook","Hofstra",2,3,1,0,-0.8,400991453,2017-12-12
308,2,"6:08",368,368,"Jaron Cornish made Layup.",64,68,-4,0.214306975469589,"Stony Brook","Hofstra",2,3,1,0,-0.8,400991453,2017-12-12
309,2,"5:37",337,337,"Desure Buie made Jumper.",64,70,-6,0.110148013088862,"Stony Brook","Hofstra",2,3,0,0,-0.8,400991453,2017-12-12
310,2,"5:21",321,321,"Elijah Olaniyi missed Three Point Jumper.",64,70,-6,0.1200170497445,"Stony Brook","Hofstra",2,3,0,0,-0.8,400991453,2017-12-12
311,2,"5:21",321,321,"Tyrell Sturdivant Offensive Rebound.",64,70,-6,0.1200170497445,"Stony Brook","Hofstra",2,3,0,0,-0.8,400991453,2017-12-12
312,2,"5:14",314,314,"Foul on Jalen Ray.",64,70,-6,0.101537561936711,"Stony Brook","Hofstra",2,3,0,0,-0.8,400991453,2017-12-12
313,2,"5:14",314,314,"Jaron Cornish made Free Throw.",65,70,-5,0.140199059533124,"Stony Brook","Hofstra",2,3,0,0,-0.8,400991453,2017-12-12
314,2,"5:14",314,314,"Jaron Cornish made Free Throw.",66,70,-4,0.190460744019137,"Stony Brook","Hofstra",2,3,0,0,-0.8,400991453,2017-12-12
315,2,"5:10",310,310,"Desure Buie Turnover.",66,70,-4,0.190460744019137,"Stony Brook","Hofstra",2,3,0,0,-0.8,400991453,2017-12-12
316,2,"4:59",299,299,"Jaron Cornish made Layup.",68,70,-2,0.318544471718652,"Stony Brook","Hofstra",2,3,0,0,-0.8,400991453,2017-12-12
317,2,"4:27",267,267,"Desure Buie made Layup.",68,72,-4,0.183089826473071,"Stony Brook","Hofstra",2,3,0,0,-0.8,400991453,2017-12-12
318,2,"4:27",267,267,"Foul on Bryan Sekunda.",68,72,-4,0.183089826473071,"Stony Brook","Hofstra",2,3,0,0,-0.8,400991453,2017-12-12
319,2,"4:27",267,267,"Desure Buie made Free Throw.",68,73,-5,0.133680057257714,"Stony Brook","Hofstra",2,3,0,0,-0.8,400991453,2017-12-12
320,2,"4:20",260,260,"Jaron Cornish made Three Point Jumper.",71,73,-2,0.321029031471123,"Stony Brook","Hofstra",2,3,0,0,-0.8,400991453,2017-12-12
321,2,"3:45",225,225,"Desure Buie missed Jumper.",71,73,-2,0.301419324708563,"Stony Brook","Hofstra",2,3,0,0,-0.8,400991453,2017-12-12
322,2,"3:45",225,225,"Desure Buie Offensive Rebound.",71,73,-2,0.301419324708563,"Stony Brook","Hofstra",2,3,0,0,-0.8,400991453,2017-12-12
323,2,"3:42",222,222,"Foul on Bryan Sekunda.",71,73,-2,0.301419324708563,"Stony Brook","Hofstra",2,3,0,0,-0.8,400991453,2017-12-12
324,2,"3:42",222,222,"Official TV Timeout",71,73,-2,0.301419324708563,"Stony Brook","Hofstra",2,3,0,0,-0.8,400991453,2017-12-12
325,2,"3:42",222,222,"Desure Buie made Free Throw.",71,74,-3,0.220284030635672,"Stony Brook","Hofstra",2,3,0,0,-0.8,400991453,2017-12-12
326,2,"3:42",222,222,"Desure Buie made Free Throw.",71,75,-4,0.156108107919828,"Stony Brook","Hofstra",2,3,0,0,-0.8,400991453,2017-12-12
327,2,"3:31",211,211,"Bryan Sekunda made Three Point Jumper. Assisted by Jaron Cornish.",74,75,-1,0.375463341483398,"Stony Brook","Hofstra",2,3,0,0,-0.8,400991453,2017-12-12
328,2,"3:03",183,183,"Foul on Kenny Wormley.",74,75,-1,0.359910047700051,"Stony Brook","Hofstra",2,3,0,0,-0.8,400991453,2017-12-12
329,2,"3:03",183,183,"Kenny Wormley Turnover.",74,75,-1,0.359910047700051,"Stony Brook","Hofstra",2,3,0,0,-0.8,400991453,2017-12-12
330,2,"2:40",160,160,"Elijah Olaniyi Turnover.",74,75,-1,0.377527832004668,"Stony Brook","Hofstra",2,3,0,0,-0.8,400991453,2017-12-12
331,2,"2:12",132,132,"Foul on Elijah Olaniyi.",74,75,-1,0.411833196978964,"Stony Brook","Hofstra",2,3,0,0,-0.8,400991453,2017-12-12
332,2,"2:12",132,132,"Kenny Wormley made Free Throw.",74,76,-2,0.288195434200739,"Stony Brook","Hofstra",2,3,0,0,-0.8,400991453,2017-12-12
333,2,"2:12",132,132,"Kenny Wormley made Free Throw.",74,77,-3,0.189703652282265,"Stony Brook","Hofstra",2,3,0,0,-0.8,400991453,2017-12-12
334,2,"2:00",120,120,"Jaron Cornish missed Layup.",74,77,-3,0.140980641336164,"Stony Brook","Hofstra",2,3,0,0,-0.8,400991453,2017-12-12
335,2,"2:00",120,120,"Rokas Gustys Block.",74,77,-3,0.140980641336164,"Stony Brook","Hofstra",2,3,0,0,-0.8,400991453,2017-12-12
336,2,"1:59",119,119,"Tyrell Sturdivant Offensive Rebound.",74,77,-3,0.152920278791458,"Stony Brook","Hofstra",2,3,0,0,-0.8,400991453,2017-12-12
337,2,"1:57",117,117,"Foul on Justin Wright-Foreman.",74,77,-3,0.152920278791458,"Stony Brook","Hofstra",2,3,0,0,-0.8,400991453,2017-12-12
338,2,"1:57",117,117,"Akwasi Yeboah made Free Throw.",75,77,-2,0.247676874095976,"Stony Brook","Hofstra",2,3,0,0,-0.8,400991453,2017-12-12
339,2,"1:57",117,117,"Akwasi Yeboah made Free Throw.",76,77,-1,0.375145746247011,"Stony Brook","Hofstra",2,3,0,0,-0.8,400991453,2017-12-12
340,2,"1:57",117,117,"Akwasi Yeboah made Free Throw.",77,77,0,0.522642829338238,"Stony Brook","Hofstra",2,3,0,0,-0.8,400991453,2017-12-12
341,2,"1:38",98,98,"Foul on Bryan Sekunda.",77,77,0,0.501571811674496,"Stony Brook","Hofstra",2,3,0,0,-0.8,400991453,2017-12-12
342,2,"1:38",98,98,"Justin Wright-Foreman made Free Throw.",77,78,-1,0.349198918065247,"Stony Brook","Hofstra",2,3,0,0,-0.8,400991453,2017-12-12
343,2,"1:38",98,98,"Justin Wright-Foreman made Free Throw.",77,79,-2,0.222455829294844,"Stony Brook","Hofstra",2,3,0,0,-0.8,400991453,2017-12-12
344,2,"1:38",98,98,"Justin Wright-Foreman made Free Throw.",77,80,-3,0.132358843291443,"Stony Brook","Hofstra",2,3,0,0,-0.8,400991453,2017-12-12
345,2,"1:24",84,84,"Jaron Cornish missed Three Point Jumper.",77,80,-3,0.116442538425377,"Stony Brook","Hofstra",2,3,0,0,-0.8,400991453,2017-12-12
346,2,"1:24",84,84,"Rokas Gustys Defensive Rebound.",77,80,-3,0.116442538425377,"Stony Brook","Hofstra",2,3,0,0,-0.8,400991453,2017-12-12
347,2,"1:19",79,79,"Hofstra  Timeout",77,80,-3,0.0884587661197748,"Stony Brook","Hofstra",1,3,1,0,-0.8,400991453,2017-12-12
348,2,"1:03",63,63,"Eli Pemberton missed Three Point Jumper.",77,80,-3,0.0871942054908473,"Stony Brook","Hofstra",1,3,1,0,-0.8,400991453,2017-12-12
349,2,"1:03",63,63,"Stafford Trueheart Offensive Rebound.",77,80,-3,0.0871942054908473,"Stony Brook","Hofstra",1,3,1,0,-0.8,400991453,2017-12-12
350,2,"0:36",36,36,"Justin Wright-Foreman made Jumper. Assisted by Eli Pemberton.",77,82,-5,0.0106166550947367,"Stony Brook","Hofstra",1,3,1,0,-0.8,400991453,2017-12-12
351,2,"0:30",30,30,"Stony Brook  Timeout",77,82,-5,0.00764047963780188,"Stony Brook","Hofstra",1,2,1,1,-0.8,400991453,2017-12-12
352,2,"0:27",27,27,"Akwasi Yeboah missed Three Point Jumper.",77,82,-5,0.00280762383503696,"Stony Brook","Hofstra",1,2,1,1,-0.8,400991453,2017-12-12
353,2,"0:27",27,27,"Justin Wright-Foreman Defensive Rebound.",77,82,-5,0.00280762383503696,"Stony Brook","Hofstra",1,2,1,1,-0.8,400991453,2017-12-12
354,2,"0:25",25,25,"Foul on Jaron Cornish.",77,82,-5,0.00257681536146933,"Stony Brook","Hofstra",1,2,1,1,-0.8,400991453,2017-12-12
355,2,"0:25",25,25,"Justin Wright-Foreman made Free Throw.",77,83,-6,0.000716198057426831,"Stony Brook","Hofstra",1,2,1,1,-0.8,400991453,2017-12-12
356,2,"0:25",25,25,"Justin Wright-Foreman made Free Throw.",77,84,-7,0.00019879176855537,"Stony Brook","Hofstra",1,2,1,1,-0.8,400991453,2017-12-12
357,2,"0:20",20,20,"Jaron Cornish made Jumper.",79,84,-5,0.000193594558087511,"Stony Brook","Hofstra",1,2,1,1,-0.8,400991453,2017-12-12
358,2,"0:18",18,18,"Stony Brook  Timeout",79,84,-5,0.00422901230389801,"Stony Brook","Hofstra",1,1,0,1,-0.8,400991453,2017-12-12
359,2,"0:16",16,16,"Foul on Junior Saintel.",79,84,-5,0.00021023796415782,"Stony Brook","Hofstra",1,1,0,1,-0.8,400991453,2017-12-12
360,2,"0:16",16,16,"Kenny Wormley missed Free Throw.",79,84,-5,0.00021023796415782,"Stony Brook","Hofstra",1,1,0,1,-0.8,400991453,2017-12-12
361,2,"0:16",16,16,"Hofstra Deadball Team Rebound.",79,84,-5,0.00021023796415782,"Stony Brook","Hofstra",1,1,0,1,-0.8,400991453,2017-12-12
362,2,"0:16",16,16,"Kenny Wormley missed Free Throw.",79,84,-5,0.00021023796415782,"Stony Brook","Hofstra",1,1,0,1,-0.8,400991453,2017-12-12
363,2,"0:16",16,16,"Akwasi Yeboah Defensive Rebound.",79,84,-5,0.00021023796415782,"Stony Brook","Hofstra",1,1,0,1,-0.8,400991453,2017-12-12
364,2,"0:11",11,11,"Jaron Cornish made Layup.",81,84,-3,0.0273620225151215,"Stony Brook","Hofstra",1,1,0,1,-0.8,400991453,2017-12-12
365,2,"0:05",5,5,"Foul on Jaron Cornish.",81,84,-3,0.0150703175999733,"Stony Brook","Hofstra",1,1,0,1,-0.8,400991453,2017-12-12
366,2,"0:04",4,4,"Justin Wright-Foreman missed Free Throw.",81,84,-3,0.0023136038057021,"Stony Brook","Hofstra",1,1,0,1,-0.8,400991453,2017-12-12
367,2,"0:04",4,4,"Hofstra Deadball Team Rebound.",81,84,-3,0.0023136038057021,"Stony Brook","Hofstra",1,1,0,1,-0.8,400991453,2017-12-12
368,2,"0:04",4,4,"Justin Wright-Foreman missed Free Throw.",81,84,-3,0.0023136038057021,"Stony Brook","Hofstra",1,1,0,1,-0.8,400991453,2017-12-12
369,2,"0:04",4,4,"Akwasi Yeboah Defensive Rebound.",81,84,-3,0.0023136038057021,"Stony Brook","Hofstra",1,1,0,1,-0.8,400991453,2017-12-12
370,2,"0:00",0,0,"End of Game",81,84,-3,6.76505715272903e-26,"Stony Brook","Hofstra",1,1,0,1,-0.8,400991453,2017-12-12
